{
  "process_graph":{
  "loadcollection1": {
    "process_id": "load_collection",
    "arguments": {
      "bands": [
        "TOC-B04_10M",
        "TOC-B08_10M"
      ],
      "id": "TERRASCOPE_S2_TOC_V2",
      "spatial_extent": null,
      "temporal_extent": null
    }
  },
  "loadcollection2": {
    "process_id": "load_collection",
    "arguments": {
      "bands": [
        "SCENECLASSIFICATION_20M"
      ],
      "id": "TERRASCOPE_S2_TOC_V2",
      "spatial_extent": null,
      "temporal_extent": null
    }
  },
  "reducedimension1": {
    "process_id": "reduce_dimension",
    "arguments": {
      "data": {
        "from_node": "loadcollection2"
      },
      "dimension": "bands",
      "reducer": {
        "process_graph": {
          "arrayelement1": {
            "process_id": "array_element",
            "arguments": {
              "data": {
                "from_parameter": "data"
              },
              "index": 0
            }
          },
          "eq1": {
            "process_id": "eq",
            "arguments": {
              "x": {
                "from_node": "arrayelement1"
              },
              "y": 4
            }
          },
          "eq2": {
            "process_id": "eq",
            "arguments": {
              "x": {
                "from_node": "arrayelement1"
              },
              "y": 5
            }
          },
          "or1": {
            "process_id": "or",
            "arguments": {
              "x": {
                "from_node": "eq1"
              },
              "y": {
                "from_node": "eq2"
              }
            }
          },
          "eq3": {
            "process_id": "eq",
            "arguments": {
              "x": {
                "from_node": "arrayelement1"
              },
              "y": 6
            }
          },
          "or2": {
            "process_id": "or",
            "arguments": {
              "x": {
                "from_node": "or1"
              },
              "y": {
                "from_node": "eq3"
              }
            }
          },
          "eq4": {
            "process_id": "eq",
            "arguments": {
              "x": {
                "from_node": "arrayelement1"
              },
              "y": 7
            }
          },
          "or3": {
            "process_id": "or",
            "arguments": {
              "x": {
                "from_node": "or2"
              },
              "y": {
                "from_node": "eq4"
              }
            }
          },
          "not1": {
            "process_id": "not",
            "arguments": {
              "x": {
                "from_node": "or3"
              }
            },
            "result": true
          }
        }
      }
    }
  },
  "applykernel1": {
    "process_id": "apply_kernel",
    "arguments": {
      "border": 0,
      "data": {
        "from_node": "reducedimension1"
      },
      "factor": 1.0,
      "kernel": [
        [
          5.797937928574765e-05,
          0.0002746899407331066,
          0.0008344343619293519,
          0.0016252562117555363,
          0.00202969938188886,
          0.0016252562117555363,
          0.0008344343619293519,
          0.0002746899407331066,
          5.797937928574765e-05
        ],
        [
          0.0002746899407331066,
          0.0013014034380755379,
          0.003953314579212567,
          0.0077000053809300585,
          0.00961614301128137,
          0.0077000053809300585,
          0.003953314579212567,
          0.0013014034380755379,
          0.0002746899407331066
        ],
        [
          0.0008344343619293519,
          0.003953314579212567,
          0.01200910932379717,
          0.02339055103270685,
          0.029211263202522073,
          0.02339055103270685,
          0.01200910932379717,
          0.003953314579212567,
          0.0008344343619293519
        ],
        [
          0.0016252562117555363,
          0.0077000053809300585,
          0.02339055103270685,
          0.04555857248542973,
          0.05689577172176007,
          0.04555857248542973,
          0.02339055103270685,
          0.0077000053809300585,
          0.0016252562117555363
        ],
        [
          0.00202969938188886,
          0.00961614301128137,
          0.029211263202522073,
          0.05689577172176007,
          0.07105422016569796,
          0.05689577172176007,
          0.029211263202522073,
          0.00961614301128137,
          0.00202969938188886
        ],
        [
          0.0016252562117555363,
          0.0077000053809300585,
          0.02339055103270685,
          0.04555857248542973,
          0.05689577172176007,
          0.04555857248542973,
          0.02339055103270685,
          0.0077000053809300585,
          0.0016252562117555363
        ],
        [
          0.0008344343619293519,
          0.003953314579212567,
          0.01200910932379717,
          0.02339055103270685,
          0.029211263202522073,
          0.02339055103270685,
          0.01200910932379717,
          0.003953314579212567,
          0.0008344343619293519
        ],
        [
          0.0002746899407331066,
          0.0013014034380755379,
          0.003953314579212567,
          0.0077000053809300585,
          0.00961614301128137,
          0.0077000053809300585,
          0.003953314579212567,
          0.0013014034380755379,
          0.0002746899407331066
        ],
        [
          5.797937928574765e-05,
          0.0002746899407331066,
          0.0008344343619293519,
          0.0016252562117555363,
          0.00202969938188886,
          0.0016252562117555363,
          0.0008344343619293519,
          0.0002746899407331066,
          5.797937928574765e-05
        ]
      ],
      "replace_invalid": 0
    }
  },
  "adddimension1": {
    "process_id": "add_dimension",
    "arguments": {
      "data": {
        "from_node": "applykernel1"
      },
      "label": "mask",
      "name": "bands",
      "type": "bands"
    }
  },
  "reducedimension2": {
    "process_id": "reduce_dimension",
    "arguments": {
      "data": {
        "from_node": "adddimension1"
      },
      "dimension": "bands",
      "reducer": {
        "process_graph": {
          "arrayelement2": {
            "process_id": "array_element",
            "arguments": {
              "data": {
                "from_parameter": "data"
              },
              "index": 0
            }
          },
          "gt1": {
            "process_id": "gt",
            "arguments": {
              "x": {
                "from_node": "arrayelement2"
              },
              "y": 0.057
            },
            "result": true
          }
        }
      }
    }
  },
  "filtertemporal1": {
    "process_id": "filter_temporal",
    "arguments": {
      "data": {
        "from_node": "reducedimension2"
      },
      "extent": [
        "2018-10-01",
        "2020-07-01"
      ]
    }
  },
  "reducedimension3": {
    "process_id": "reduce_dimension",
    "arguments": {
      "data": {
        "from_node": "loadcollection2"
      },
      "dimension": "bands",
      "reducer": {
        "process_graph": {
          "arrayelement3": {
            "process_id": "array_element",
            "arguments": {
              "data": {
                "from_parameter": "data"
              },
              "index": 0
            }
          },
          "eq5": {
            "process_id": "eq",
            "arguments": {
              "x": {
                "from_node": "arrayelement3"
              },
              "y": 3
            }
          },
          "eq6": {
            "process_id": "eq",
            "arguments": {
              "x": {
                "from_node": "arrayelement3"
              },
              "y": 8
            }
          },
          "or4": {
            "process_id": "or",
            "arguments": {
              "x": {
                "from_node": "eq5"
              },
              "y": {
                "from_node": "eq6"
              }
            }
          },
          "eq7": {
            "process_id": "eq",
            "arguments": {
              "x": {
                "from_node": "arrayelement3"
              },
              "y": 9
            }
          },
          "or5": {
            "process_id": "or",
            "arguments": {
              "x": {
                "from_node": "or4"
              },
              "y": {
                "from_node": "eq7"
              }
            }
          },
          "eq8": {
            "process_id": "eq",
            "arguments": {
              "x": {
                "from_node": "arrayelement3"
              },
              "y": 10
            }
          },
          "or6": {
            "process_id": "or",
            "arguments": {
              "x": {
                "from_node": "or5"
              },
              "y": {
                "from_node": "eq8"
              }
            },
            "result": true
          }
        }
      }
    }
  },
  "applykernel2": {
    "process_id": "apply_kernel",
    "arguments": {
      "border": 0,
      "data": {
        "from_node": "reducedimension3"
      },
      "factor": 1.0,
      "kernel": [
        [
          1.3513233993132814e-07,
          1.6783642557882277e-07,
          2.0731474239478368e-07,
          2.54677859390021e-07,
          3.111495915923272e-07,
          3.7806312476578035e-07,
          4.568529606214763e-07,
          5.490420503426536e-07,
          6.562235495396534e-07,
          7.800367342780807e-07,
          9.221367685307569e-07,
          1.084158209202584e-06,
          1.2676723741734657e-06,
          1.4741389771076185e-06,
          1.7048527424415812e-06,
          1.960886044100834e-06,
          2.243028948108364e-06,
          2.5517283656013683e-06,
          2.8870283200173196e-06,
          3.248513580267581e-06,
          3.6352590903726502e-06,
          4.045787716216654e-06,
          4.478038815236929e-06,
          4.929350002353427e-06,
          5.3964542278281145e-06,
          5.875493898906088e-06,
          6.362053273019651e-06,
          6.8512097395390835e-06,
          7.3376039104751514e-06,
          7.815527685978449e-06,
          8.279028681483371e-06,
          8.722028637601117e-06,
          9.138452721203761e-06,
          9.522366006216842e-06,
          9.868112932475921e-06,
          1.0170455212556198e-05,
          1.0424703514386644e-05,
          1.0626838307149424e-05,
          1.0773615524330832e-05,
          1.0862653164463556e-05,
          1.0892495599468438e-05,
          1.0862653164463556e-05,
          1.0773615524330832e-05,
          1.0626838307149424e-05,
          1.0424703514386644e-05,
          1.0170455212556198e-05,
          9.868112932475921e-06,
          9.522366006216842e-06,
          9.138452721203761e-06,
          8.722028637601117e-06,
          8.279028681483371e-06,
          7.815527685978449e-06,
          7.3376039104751514e-06,
          6.8512097395390835e-06,
          6.362053273019651e-06,
          5.875493898906088e-06,
          5.3964542278281145e-06,
          4.929350002353427e-06,
          4.478038815236929e-06,
          4.045787716216654e-06,
          3.6352590903726502e-06,
          3.248513580267581e-06,
          2.8870283200173196e-06,
          2.5517283656013683e-06,
          2.243028948108364e-06,
          1.960886044100834e-06,
          1.7048527424415812e-06,
          1.4741389771076185e-06,
          1.2676723741734657e-06,
          1.084158209202584e-06,
          9.221367685307569e-07,
          7.800367342780807e-07,
          6.562235495396534e-07,
          5.490420503426536e-07,
          4.568529606214763e-07,
          3.7806312476578035e-07,
          3.111495915923272e-07,
          2.54677859390021e-07,
          2.0731474239478368e-07,
          1.6783642557882277e-07,
          1.3513233993132814e-07
        ],
        [
          1.6783642557882277e-07,
          2.08455398355351e-07,
          2.574880694807557e-07,
          3.163137825912657e-07,
          3.864525346020437e-07,
          4.6956016254950255e-07,
          5.674183394202818e-07,
          6.819185937933707e-07,
          8.150396492161183e-07,
          9.688175115441761e-07,
          1.145307919656086e-06,
          1.3465410181379879e-06,
          1.574468407743225e-06,
          1.8309030750884372e-06,
          2.1174530876550926e-06,
          2.4354503502013557e-06,
          2.785876136768192e-06,
          3.169285517798817e-06,
          3.5857331710734792e-06,
          4.0347033732520685e-06,
          4.515047190710418e-06,
          5.024930000365442e-06,
          5.561792452750623e-06,
          6.122327825022437e-06,
          6.702478391617198e-06,
          7.297452963544541e-06,
          7.901767121240536e-06,
          8.509306907283681e-06,
          9.113415880115573e-06,
          9.707004492733189e-06,
          1.0282679792793152e-05,
          1.0832892489503368e-05,
          1.1350097547539973e-05,
          1.1826923698271646e-05,
          1.2256346649784792e-05,
          1.2631860369267578e-05,
          1.2947640634823498e-05,
          1.3198695127920128e-05,
          1.3380994668508658e-05,
          1.3491580774465558e-05,
          1.3528645533533098e-05,
          1.3491580774465558e-05,
          1.3380994668508658e-05,
          1.3198695127920128e-05,
          1.2947640634823498e-05,
          1.2631860369267578e-05,
          1.2256346649784792e-05,
          1.1826923698271646e-05,
          1.1350097547539973e-05,
          1.0832892489503368e-05,
          1.0282679792793152e-05,
          9.707004492733189e-06,
          9.113415880115573e-06,
          8.509306907283681e-06,
          7.901767121240536e-06,
          7.297452963544541e-06,
          6.702478391617198e-06,
          6.122327825022437e-06,
          5.561792452750623e-06,
          5.024930000365442e-06,
          4.515047190710418e-06,
          4.0347033732520685e-06,
          3.5857331710734792e-06,
          3.169285517798817e-06,
          2.785876136768192e-06,
          2.4354503502013557e-06,
          2.1174530876550926e-06,
          1.8309030750884372e-06,
          1.574468407743225e-06,
          1.3465410181379879e-06,
          1.145307919656086e-06,
          9.688175115441761e-07,
          8.150396492161183e-07,
          6.819185937933707e-07,
          5.674183394202818e-07,
          4.6956016254950255e-07,
          3.864525346020437e-07,
          3.163137825912657e-07,
          2.574880694807557e-07,
          2.08455398355351e-07,
          1.6783642557882277e-07
        ],
        [
          2.0731474239478368e-07,
          2.574880694807557e-07,
          3.1805415665899725e-07,
          3.9071679540166606e-07,
          4.773535147839976e-07,
          5.800096361804661e-07,
          7.008859159226186e-07,
          8.423188060573411e-07,
          1.0067524635134666e-06,
          1.1967018014156221e-06,
          1.4147061074933105e-06,
          1.6632730549196716e-06,
          1.944813298032949e-06,
          2.261566272355542e-06,
          2.6155182933998575e-06,
          3.0083145552343524e-06,
          3.441167146202303e-06,
          3.914761699863585e-06,
          4.429165755251443e-06,
          4.9837422810955e-06,
          5.5770720927491485e-06,
          6.206889028915464e-06,
          6.870031732496189e-06,
          7.5624156765949e-06,
          8.279028681483373e-06,
          9.013952579470195e-06,
          9.76041291128552e-06,
          1.0510857600534246e-05,
          1.1257064484106149e-05,
          1.1990276418815185e-05,
          1.2701361489433076e-05,
          1.3380994668508658e-05,
          1.4019856185026006e-05,
          1.460884090789004e-05,
          1.513927229824127e-05,
          1.560311398071156e-05,
          1.599317176573235e-05,
          1.630327904657966e-05,
          1.652845890348771e-05,
          1.66650569631153e-05,
          1.6710840057884574e-05,
          1.66650569631153e-05,
          1.652845890348771e-05,
          1.630327904657966e-05,
          1.599317176573235e-05,
          1.560311398071156e-05,
          1.513927229824127e-05,
          1.460884090789004e-05,
          1.4019856185026006e-05,
          1.3380994668508658e-05,
          1.2701361489433076e-05,
          1.1990276418815185e-05,
          1.1257064484106149e-05,
          1.0510857600534246e-05,
          9.76041291128552e-06,
          9.013952579470195e-06,
          8.279028681483373e-06,
          7.5624156765949e-06,
          6.870031732496189e-06,
          6.206889028915464e-06,
          5.5770720927491485e-06,
          4.9837422810955e-06,
          4.429165755251443e-06,
          3.914761699863585e-06,
          3.441167146202303e-06,
          3.0083145552343524e-06,
          2.6155182933998575e-06,
          2.261566272355542e-06,
          1.944813298032949e-06,
          1.6632730549196716e-06,
          1.4147061074933105e-06,
          1.1967018014156221e-06,
          1.0067524635134666e-06,
          8.423188060573411e-07,
          7.008859159226186e-07,
          5.800096361804661e-07,
          4.773535147839976e-07,
          3.9071679540166606e-07,
          3.1805415665899725e-07,
          2.574880694807557e-07,
          2.0731474239478368e-07
        ],
        [
          2.54677859390021e-07,
          3.163137825912657e-07,
          3.9071679540166606e-07,
          4.799799374187141e-07,
          5.864096779281923e-07,
          7.125186123364793e-07,
          8.610102816705334e-07,
          1.0347549237098512e-06,
          1.2367550873685055e-06,
          1.4701002427137626e-06,
          1.7379098030389311e-06,
          2.0432643444207905e-06,
          2.38912525918244e-06,
          2.7782436041879428e-06,
          3.213059488504938e-06,
          3.6955939671669257e-06,
          4.227336042167163e-06,
          4.809127986878678e-06,
          5.441052770299297e-06,
          6.122327825022435e-06,
          6.851209739539082e-06,
          7.6249146254413716e-06,
          8.439558882126416e-06,
          9.290124831861386e-06,
          1.0170455212556198e-05,
          1.1073279792187075e-05,
          1.1990276418815182e-05,
          1.2912167669001951e-05,
          1.3828852944612013e-05,
          1.472957444590941e-05,
          1.5603113980711557e-05,
          1.6438016126202967e-05,
          1.7222831916888363e-05,
          1.7946376063820242e-05,
          1.8597989786450143e-05,
          1.916780071944423e-05,
          1.9646971088999223e-05,
          2.002792546568826e-05,
          2.030454990287318e-05,
          2.0472355149238814e-05,
          2.0528597847839987e-05,
          2.0472355149238814e-05,
          2.030454990287318e-05,
          2.002792546568826e-05,
          1.9646971088999223e-05,
          1.916780071944423e-05,
          1.8597989786450143e-05,
          1.7946376063820242e-05,
          1.7222831916888363e-05,
          1.6438016126202967e-05,
          1.5603113980711557e-05,
          1.472957444590941e-05,
          1.3828852944612013e-05,
          1.2912167669001951e-05,
          1.1990276418815182e-05,
          1.1073279792187075e-05,
          1.0170455212556198e-05,
          9.290124831861386e-06,
          8.439558882126416e-06,
          7.6249146254413716e-06,
          6.851209739539082e-06,
          6.122327825022435e-06,
          5.441052770299297e-06,
          4.809127986878678e-06,
          4.227336042167163e-06,
          3.6955939671669257e-06,
          3.213059488504938e-06,
          2.7782436041879428e-06,
          2.38912525918244e-06,
          2.0432643444207905e-06,
          1.7379098030389311e-06,
          1.4701002427137626e-06,
          1.2367550873685055e-06,
          1.0347549237098512e-06,
          8.610102816705334e-07,
          7.125186123364793e-07,
          5.864096779281923e-07,
          4.799799374187141e-07,
          3.9071679540166606e-07,
          3.163137825912657e-07,
          2.54677859390021e-07
        ],
        [
          3.111495915923272e-07,
          3.864525346020437e-07,
          4.773535147839976e-07,
          5.864096779281923e-07,
          7.164389249625306e-07,
          8.705109889074012e-07,
          1.0519288882835578e-06,
          1.264199301351146e-06,
          1.510990555897226e-06,
          1.7960771745755117e-06,
          2.1232702628136403e-06,
          2.496333477140118e-06,
          2.9188848627752232e-06,
          3.394285490138469e-06,
          3.925516532943405e-06,
          4.515047190710419e-06,
          5.1646966335989885e-06,
          5.875493898906089e-06,
          6.647540353000402e-06,
          7.479879903626648e-06,
          8.370382558879351e-06,
          9.315647136797813e-06,
          1.0310928895360132e-05,
          1.1350097547539975e-05,
          1.2425630532918292e-05,
          1.35286455335331e-05,
          1.464897506100068e-05,
          1.5775284535546987e-05,
          1.6895233673677474e-05,
          1.7995679263798112e-05,
          1.9062915615416705e-05,
          2.0082947204387213e-05,
          2.1041786395716375e-05,
          2.1925767698041142e-05,
          2.272186887526108e-05,
          2.3418028484543935e-05,
          2.400344908273522e-05,
          2.4468875480640413e-05,
          2.4806838037969487e-05,
          2.501185206627478e-05,
          2.5080565902419465e-05,
          2.501185206627478e-05,
          2.4806838037969487e-05,
          2.4468875480640413e-05,
          2.400344908273522e-05,
          2.3418028484543935e-05,
          2.272186887526108e-05,
          2.1925767698041142e-05,
          2.1041786395716375e-05,
          2.0082947204387213e-05,
          1.9062915615416705e-05,
          1.7995679263798112e-05,
          1.6895233673677474e-05,
          1.5775284535546987e-05,
          1.464897506100068e-05,
          1.35286455335331e-05,
          1.2425630532918292e-05,
          1.1350097547539975e-05,
          1.0310928895360132e-05,
          9.315647136797813e-06,
          8.370382558879351e-06,
          7.479879903626648e-06,
          6.647540353000402e-06,
          5.875493898906089e-06,
          5.1646966335989885e-06,
          4.515047190710419e-06,
          3.925516532943405e-06,
          3.394285490138469e-06,
          2.9188848627752232e-06,
          2.496333477140118e-06,
          2.1232702628136403e-06,
          1.7960771745755117e-06,
          1.510990555897226e-06,
          1.264199301351146e-06,
          1.0519288882835578e-06,
          8.705109889074012e-07,
          7.164389249625306e-07,
          5.864096779281923e-07,
          4.773535147839976e-07,
          3.864525346020437e-07,
          3.111495915923272e-07
        ],
        [
          3.7806312476578035e-07,
          4.6956016254950255e-07,
          5.800096361804661e-07,
          7.125186123364793e-07,
          8.705109889074012e-07,
          1.057716653025481e-06,
          1.2781489459801123e-06,
          1.536068666359505e-06,
          1.8359330254321807e-06,
          2.1823282668170354e-06,
          2.579885084128066e-06,
          3.033176518070325e-06,
          3.5465986839481014e-06,
          4.124235459162153e-06,
          4.769709126627416e-06,
          5.4860198936768654e-06,
          6.275378147769003e-06,
          7.139034223361938e-06,
          8.07711128592696e-06,
          9.088447633069587e-06,
          1.0170455212556198e-05,
          1.1319001409353045e-05,
          1.2528321112261277e-05,
          1.3790965700001897e-05,
          1.5097794865869977e-05,
          1.6438016126202967e-05,
          1.7799275447657298e-05,
          1.916780071944423e-05,
          2.0528597847839987e-05,
          2.186569713923431e-05,
          2.3162445458561063e-05,
          2.440183750761527e-05,
          2.5566877573927656e-05,
          2.664096136648908e-05,
          2.7608266183279036e-05,
          2.8454136736649522e-05,
          2.9165453565065717e-05,
          2.973097112669911e-05,
          3.0141613415585906e-05,
          3.0390716246688026e-05,
          3.0474207172948156e-05,
          3.0390716246688026e-05,
          3.0141613415585906e-05,
          2.973097112669911e-05,
          2.9165453565065717e-05,
          2.8454136736649522e-05,
          2.7608266183279036e-05,
          2.664096136648908e-05,
          2.5566877573927656e-05,
          2.440183750761527e-05,
          2.3162445458561063e-05,
          2.186569713923431e-05,
          2.0528597847839987e-05,
          1.916780071944423e-05,
          1.7799275447657298e-05,
          1.6438016126202967e-05,
          1.5097794865869977e-05,
          1.3790965700001897e-05,
          1.2528321112261277e-05,
          1.1319001409353045e-05,
          1.0170455212556198e-05,
          9.088447633069587e-06,
          8.07711128592696e-06,
          7.139034223361938e-06,
          6.275378147769003e-06,
          5.4860198936768654e-06,
          4.769709126627416e-06,
          4.124235459162153e-06,
          3.5465986839481014e-06,
          3.033176518070325e-06,
          2.579885084128066e-06,
          2.1823282668170354e-06,
          1.8359330254321807e-06,
          1.536068666359505e-06,
          1.2781489459801123e-06,
          1.057716653025481e-06,
          8.705109889074012e-07,
          7.125186123364793e-07,
          5.800096361804661e-07,
          4.6956016254950255e-07,
          3.7806312476578035e-07
        ],
        [
          4.568529606214763e-07,
          5.674183394202818e-07,
          7.008859159226186e-07,
          8.610102816705334e-07,
          1.0519288882835578e-06,
          1.2781489459801123e-06,
          1.5445201920922347e-06,
          1.8561913923210018e-06,
          2.2185486582196125e-06,
          2.637134024538802e-06,
          3.117543239577474e-06,
          3.6653023836335656e-06,
          4.285723739657821e-06,
          4.983742281095501e-06,
          5.7637351888074e-06,
          6.629327925084763e-06,
          7.583191530789249e-06,
          8.626836914976879e-06,
          9.760412911285521e-06,
          1.098251571399197e-05,
          1.2290017910641214e-05,
          1.3677925633041415e-05,
          1.513927229824127e-05,
          1.6665056963115303e-05,
          1.8244234445243987e-05,
          1.9863763065101573e-05,
          2.1508714160412107e-05,
          2.3162445458561076e-05,
          2.480683803796949e-05,
          2.6422594058334648e-05,
          2.798958980602195e-05,
          2.9487276012080576e-05,
          3.08951149910003e-05,
          3.219304205249626e-05,
          3.336193698147851e-05,
          3.438409027095693e-05,
          3.52436483122315e-05,
          3.5927021948514366e-05,
          3.6423243698653414e-05,
          3.672426053534887e-05,
          3.682515129762726e-05,
          3.672426053534887e-05,
          3.6423243698653414e-05,
          3.5927021948514366e-05,
          3.52436483122315e-05,
          3.438409027095693e-05,
          3.336193698147851e-05,
          3.219304205249626e-05,
          3.08951149910003e-05,
          2.9487276012080576e-05,
          2.798958980602195e-05,
          2.6422594058334648e-05,
          2.480683803796949e-05,
          2.3162445458561076e-05,
          2.1508714160412107e-05,
          1.9863763065101573e-05,
          1.8244234445243987e-05,
          1.6665056963115303e-05,
          1.513927229824127e-05,
          1.3677925633041415e-05,
          1.2290017910641214e-05,
          1.098251571399197e-05,
          9.760412911285521e-06,
          8.626836914976879e-06,
          7.583191530789249e-06,
          6.629327925084763e-06,
          5.7637351888074e-06,
          4.983742281095501e-06,
          4.285723739657821e-06,
          3.6653023836335656e-06,
          3.117543239577474e-06,
          2.637134024538802e-06,
          2.2185486582196125e-06,
          1.8561913923210018e-06,
          1.5445201920922347e-06,
          1.2781489459801123e-06,
          1.0519288882835578e-06,
          8.610102816705334e-07,
          7.008859159226186e-07,
          5.674183394202818e-07,
          4.568529606214763e-07
        ],
        [
          5.490420503426536e-07,
          6.819185937933707e-07,
          8.423188060573411e-07,
          1.0347549237098512e-06,
          1.264199301351146e-06,
          1.536068666359505e-06,
          1.8561913923210018e-06,
          2.2307552226036718e-06,
          2.66623314082684e-06,
          3.169285517798817e-06,
          3.746637276818889e-06,
          4.404929614768019e-06,
          5.150546788671288e-06,
          5.989419608159627e-06,
          6.926808532421613e-06,
          7.967070611583655e-06,
          9.113415880115573e-06,
          1.03676601358287e-05,
          1.1729982245738773e-05,
          1.3198695127920126e-05,
          1.4770040284355737e-05,
          1.643801612620297e-05,
          1.8194250272592807e-05,
          2.0027925465688266e-05,
          2.192576769804114e-05,
          2.387210358875227e-05,
          2.584899199690464e-05,
          2.7836432379071324e-05,
          2.9812649567504272e-05,
          3.1754451579836616e-05,
          3.363765390606887e-05,
          3.543756060739732e-05,
          3.712948966589986e-05,
          3.8689327505342895e-05,
          4.009409561184814e-05,
          4.132251084868121e-05,
          4.235552048208255e-05,
          4.3176793177578395e-05,
          4.377314830845101e-05,
          4.413490781413991e-05,
          4.4256157484726714e-05,
          4.413490781413991e-05,
          4.377314830845101e-05,
          4.3176793177578395e-05,
          4.235552048208255e-05,
          4.132251084868121e-05,
          4.009409561184814e-05,
          3.8689327505342895e-05,
          3.712948966589986e-05,
          3.543756060739732e-05,
          3.363765390606887e-05,
          3.1754451579836616e-05,
          2.9812649567504272e-05,
          2.7836432379071324e-05,
          2.584899199690464e-05,
          2.387210358875227e-05,
          2.192576769804114e-05,
          2.0027925465688266e-05,
          1.8194250272592807e-05,
          1.643801612620297e-05,
          1.4770040284355737e-05,
          1.3198695127920126e-05,
          1.1729982245738773e-05,
          1.03676601358287e-05,
          9.113415880115573e-06,
          7.967070611583655e-06,
          6.926808532421613e-06,
          5.989419608159627e-06,
          5.150546788671288e-06,
          4.404929614768019e-06,
          3.746637276818889e-06,
          3.169285517798817e-06,
          2.66623314082684e-06,
          2.2307552226036718e-06,
          1.8561913923210018e-06,
          1.536068666359505e-06,
          1.264199301351146e-06,
          1.0347549237098512e-06,
          8.423188060573411e-07,
          6.819185937933707e-07,
          5.490420503426536e-07
        ],
        [
          6.562235495396534e-07,
          8.150396492161183e-07,
          1.0067524635134666e-06,
          1.2367550873685055e-06,
          1.510990555897226e-06,
          1.8359330254321807e-06,
          2.2185486582196125e-06,
          2.66623314082684e-06,
          3.186723083380782e-06,
          3.7879790640745887e-06,
          4.478038815236931e-06,
          5.26483999808647e-06,
          6.156013175352518e-06,
          7.158646942426312e-06,
          8.279028681483376e-06,
          9.522366006216845e-06,
          1.0892495599468442e-05,
          1.2391587730863696e-05,
          1.4019856185026006e-05,
          1.5775284535546987e-05,
          1.7653380567471286e-05,
          1.9646971088999233e-05,
          2.1746049301036772e-05,
          2.3937686249727564e-05,
          2.6206016636086154e-05,
          2.8532307392872028e-05,
          3.08951149910003e-05,
          3.327053447165742e-05,
          3.563253981759657e-05,
          3.795341161282741e-05,
          4.020424415698355e-05,
          4.235552048208256e-05,
          4.4377740258594934e-05,
          4.624208256728832e-05,
          4.792108313301121e-05,
          4.93893040215936e-05,
          5.0623973110994345e-05,
          5.1605570937685284e-05,
          5.231834381277413e-05,
          5.275072436860719e-05,
          5.289564385002639e-05,
          5.275072436860719e-05,
          5.231834381277413e-05,
          5.1605570937685284e-05,
          5.0623973110994345e-05,
          4.93893040215936e-05,
          4.792108313301121e-05,
          4.624208256728832e-05,
          4.4377740258594934e-05,
          4.235552048208256e-05,
          4.020424415698355e-05,
          3.795341161282741e-05,
          3.563253981759657e-05,
          3.327053447165742e-05,
          3.08951149910003e-05,
          2.8532307392872028e-05,
          2.6206016636086154e-05,
          2.3937686249727564e-05,
          2.1746049301036772e-05,
          1.9646971088999233e-05,
          1.7653380567471286e-05,
          1.5775284535546987e-05,
          1.4019856185026006e-05,
          1.2391587730863696e-05,
          1.0892495599468442e-05,
          9.522366006216845e-06,
          8.279028681483376e-06,
          7.158646942426312e-06,
          6.156013175352518e-06,
          5.26483999808647e-06,
          4.478038815236931e-06,
          3.7879790640745887e-06,
          3.186723083380782e-06,
          2.66623314082684e-06,
          2.2185486582196125e-06,
          1.8359330254321807e-06,
          1.510990555897226e-06,
          1.2367550873685055e-06,
          1.0067524635134666e-06,
          8.150396492161183e-07,
          6.562235495396534e-07
        ],
        [
          7.800367342780807e-07,
          9.688175115441761e-07,
          1.1967018014156221e-06,
          1.4701002427137626e-06,
          1.7960771745755117e-06,
          2.1823282668170354e-06,
          2.637134024538802e-06,
          3.169285517798817e-06,
          3.7879790640745887e-06,
          4.502677206155242e-06,
          5.3229341980462235e-06,
          6.258185341694794e-06,
          7.317500898654737e-06,
          8.509306907283681e-06,
          9.841077023567902e-06,
          1.1319001409353052e-05,
          1.29476406348235e-05,
          1.4729574445909417e-05,
          1.66650569631153e-05,
          1.8751691310145543e-05,
          2.098413770197429e-05,
          2.335386954258149e-05,
          2.5848991996904648e-05,
          2.8454136736649532e-05,
          3.115044507255142e-05,
          3.3915649470012455e-05,
          3.6724260535348865e-05,
          3.9547863034119524e-05,
          4.2355520482082554e-05,
          4.5114283493711676e-05,
          4.778979257652659e-05,
          5.0346961639321066e-05,
          5.2750724368607185e-05,
          5.496682204914581e-05,
          5.696260857502755e-05,
          5.870784650184698e-05,
          6.0175467170269895e-05,
          6.134226827584374e-05,
          6.218952379746643e-05,
          6.270348389075165e-05,
          6.287574610093719e-05,
          6.270348389075165e-05,
          6.218952379746643e-05,
          6.134226827584374e-05,
          6.0175467170269895e-05,
          5.870784650184698e-05,
          5.696260857502755e-05,
          5.496682204914581e-05,
          5.2750724368607185e-05,
          5.0346961639321066e-05,
          4.778979257652659e-05,
          4.5114283493711676e-05,
          4.2355520482082554e-05,
          3.9547863034119524e-05,
          3.6724260535348865e-05,
          3.3915649470012455e-05,
          3.115044507255142e-05,
          2.8454136736649532e-05,
          2.5848991996904648e-05,
          2.335386954258149e-05,
          2.098413770197429e-05,
          1.8751691310145543e-05,
          1.66650569631153e-05,
          1.4729574445909417e-05,
          1.29476406348235e-05,
          1.1319001409353052e-05,
          9.841077023567902e-06,
          8.509306907283681e-06,
          7.317500898654737e-06,
          6.258185341694794e-06,
          5.3229341980462235e-06,
          4.502677206155242e-06,
          3.7879790640745887e-06,
          3.169285517798817e-06,
          2.637134024538802e-06,
          2.1823282668170354e-06,
          1.7960771745755117e-06,
          1.4701002427137626e-06,
          1.1967018014156221e-06,
          9.688175115441761e-07,
          7.800367342780807e-07
        ],
        [
          9.221367685307569e-07,
          1.145307919656086e-06,
          1.4147061074933105e-06,
          1.7379098030389311e-06,
          2.1232702628136403e-06,
          2.579885084128066e-06,
          3.117543239577474e-06,
          3.746637276818889e-06,
          4.478038815236931e-06,
          5.3229341980462235e-06,
          6.292618186797271e-06,
          7.398244921372739e-06,
          8.650537001505934e-06,
          1.0059455444981238e-05,
          1.1633835390808709e-05,
          1.338099466850866e-05,
          1.5306324651676296e-05,
          1.7412875041013053e-05,
          1.970094625039758e-05,
          2.216770476229838e-05,
          2.4806838037969487e-05,
          2.7608266183279046e-05,
          3.055792746974077e-05,
          3.3637653906068877e-05,
          3.682515129762726e-05,
          4.009409561184815e-05,
          4.341435402794186e-05,
          4.6752334881166026e-05,
          5.0071465958501874e-05,
          5.333279545350351e-05,
          5.6495704572245206e-05,
          5.9518715556893884e-05,
          6.236037403026056e-05,
          6.498018033434658e-05,
          6.733954119105941e-05,
          6.9402710771969e-05,
          7.113768929430868e-05,
          7.251704766774192e-05,
          7.351864853408067e-05,
          7.412623722670093e-05,
          7.432988060765975e-05,
          7.412623722670093e-05,
          7.351864853408067e-05,
          7.251704766774192e-05,
          7.113768929430868e-05,
          6.9402710771969e-05,
          6.733954119105941e-05,
          6.498018033434658e-05,
          6.236037403026056e-05,
          5.9518715556893884e-05,
          5.6495704572245206e-05,
          5.333279545350351e-05,
          5.0071465958501874e-05,
          4.6752334881166026e-05,
          4.341435402794186e-05,
          4.009409561184815e-05,
          3.682515129762726e-05,
          3.3637653906068877e-05,
          3.055792746974077e-05,
          2.7608266183279046e-05,
          2.4806838037969487e-05,
          2.216770476229838e-05,
          1.970094625039758e-05,
          1.7412875041013053e-05,
          1.5306324651676296e-05,
          1.338099466850866e-05,
          1.1633835390808709e-05,
          1.0059455444981238e-05,
          8.650537001505934e-06,
          7.398244921372739e-06,
          6.292618186797271e-06,
          5.3229341980462235e-06,
          4.478038815236931e-06,
          3.746637276818889e-06,
          3.117543239577474e-06,
          2.579885084128066e-06,
          2.1232702628136403e-06,
          1.7379098030389311e-06,
          1.4147061074933105e-06,
          1.145307919656086e-06,
          9.221367685307569e-07
        ],
        [
          1.084158209202584e-06,
          1.3465410181379879e-06,
          1.6632730549196716e-06,
          2.0432643444207905e-06,
          2.496333477140118e-06,
          3.033176518070325e-06,
          3.6653023836335656e-06,
          4.404929614768019e-06,
          5.26483999808647e-06,
          6.258185341694794e-06,
          7.398244921372739e-06,
          8.698132683698595e-06,
          1.0170455212556198e-05,
          1.1826923698271646e-05,
          1.3677925633041413e-05,
          1.5732064604986855e-05,
          1.7995679263798112e-05,
          2.0472355149238817e-05,
          2.316244545856107e-05,
          2.6062618819025436e-05,
          2.9165453565065724e-05,
          3.245909874317493e-05,
